'H': 1.00
'He': 4.00260
'Li': 6.9
'Be': 9.012183
'B': 10.8
'C': 12.01
'N': 14.00
'O': 15.99
'F': 18.99840316
'Ne': 20.179
'Na': 22.9897692
'Mg': 24.30
'Al': 26.981538
'Si': 28.08
'P': 30.97376199
'S': 32.0
'Cl': 35.4
'Ar': 39.94
'K': 39.098
'Ca': 40.07
'Sc': 44.95590
'Ti': 47.86
'V': 50.941
'Cr': 51.996
'Mn': 54.93804
'Fe': 55.84
'Co': 58.93319
'Ni': 58.693
'Cu': 63.54
'Zn': 65.3
'Ga': 69.72
'Ge': 72.63
'As': 74.92159
'Se': 78.97
'Br': 79.90
'Kr': 83.79
'Rb': 85.467
'Sr': 87.6
'Y': 88.9058
'Zr': 91.22
'Nb': 92.9063
'Mo': 95.9
'Ru': 101.0
'Rh': 102.9055
'Pd': 106.4
'Ag': 107.868
'Cd': 112.41
'In': 114.81
'Sn': 118.71
'Sb': 121.76
'Te': 127.6
'I': 126.9044
'Xe': 131.29
'Cs': 132.9054519
'Ba': 137.32
'La': 138.9054
'Ce': 140.11
'Pr': 140.9076
'Nd': 144.24
'Sm': 150.3
'Eu': 151.96
'Gd': 157.2
'Tb': 158.9253
'Dy': 162.50
'Ho': 164.9303
'Er': 167.25
'Tm': 168.9342
'Yb': 173.05
'Lu': 174.966
'Hf': 178.4
'Ta': 180.9478
'W': 183.8
'Re': 186.20
'Os': 190.2
'Ir': 192.21
'Pt': 195.08
'Au': 196.96656
'Hg': 200.59
'Tl': 204.3
'Pb': 207.
'Bi': 208.9804
